,acc
0,0.8
1,0.7388888888888889
2,0.7555555555555555
3,0.75
4,0.8277777777777777
5,0.6944444444444444
6,0.7444444444444445
7,0.7444444444444445
8,0.7611111111111111
9,0.7055555555555556
10,0.7222222222222222
11,0.7666666666666667
12,0.7333333333333333
13,0.7166666666666667
14,0.7777777777777778
15,0.7611111111111111
16,0.6777777777777778
17,0.7277777777777777
18,0.7555555555555555
19,0.7222222222222222
20,0.7277777777777777
21,0.7888888888888889
22,0.75
23,0.7555555555555555
24,0.7
25,0.7111111111111111
26,0.75
27,0.7611111111111111
28,0.75
29,0.7333333333333333
